POSTERIOR SAMPLES
=================

[0.13911904394626617, -56.169212341308594, 0.4666733741760254, 0.6705268025398254, 1.8330498933792114]

[0.1434132605791092, -71.29434967041016, 0.5155795216560364, 0.7149322032928467, 2.580810546875]

[0.14149323105812073, -58.07753372192383, 0.4350111782550812, 0.6073309779167175, 1.5401325225830078]

[0.1370384395122528, -57.457759857177734, 0.8984485864639282, 0.7519469261169434, 2.339792013168335]

[0.13455703854560852, -55.30061340332031, 1.0749435424804688, 0.47043338418006897, 1.8468921184539795]

[0.13549089431762695, -40.7568473815918, 0.46216830611228943, 0.6301701664924622, 2.3164238929748535]

[0.13288243114948273, -46.120689392089844, 0.5549975037574768, 0.3482893705368042, 1.8759371042251587]

[0.13567492365837097, -56.05636978149414, 0.9250534772872925, 0.47189342975616455, 1.7032620906829834]

[0.1417442262172699, -63.44668960571289, 1.2772592306137085, 0.5708560347557068, 1.5484669208526611]


PRIOR SAMPLES
=================

[0.7343511581420898, -55.59392166137695, 2.272010087966919, 0.5185596942901611, 1.9320811033248901]

[0.3302643597126007, -68.29045104980469, 1.6453628540039062, 0.4117390513420105, 2.6770026683807373]

[0.7335749864578247, -57.63939666748047, 1.9853204488754272, 0.7760981321334839, 1.3775229454040527]

[0.40969961881637573, -69.07157135009766, 2.3837509155273438, 0.5302658081054688, 0.5641634464263916]

[0.8243449330329895, -62.0120964050293, 3.062605857849121, 0.32235395908355713, 0.6105141639709473]

[0.4785476624965668, -66.93890380859375, 0.48560968041419983, 0.7623271346092224, 3.3569912910461426]

[0.29076480865478516, -48.65102767944336, 2.3463962078094482, 0.420573353767395, 3.426271677017212]

[0.46227556467056274, -58.5367317199707, 2.69468092918396, 0.4277721643447876, 2.096907138824463]

[0.06988105922937393, -70.57369995117188, 1.7366704940795898, 0.35352566838264465, 3.664482355117798]

