POSTERIOR SAMPLES
=================

[0.0999220535159111, -64.97990417480469, 0.7138770818710327, 0.9328604936599731, 2.690530300140381]

[0.10192929208278656, -67.88827514648438, 2.2578237056732178, 0.6261358857154846, 2.306518077850342]

[0.10039585828781128, -59.83662414550781, 2.7083144187927246, 0.5337069630622864, 2.3690664768218994]

[0.10175468027591705, -59.23113250732422, 2.2133378982543945, 0.6576400399208069, 2.679001569747925]

[0.10341197997331619, -67.8660659790039, 3.4820785522460938, 0.5897090435028076, 2.3227829933166504]

[0.10058777779340744, -61.05473709106445, 2.273145914077759, 0.8532113432884216, 2.3962626457214355]

[0.10679639130830765, -53.092926025390625, 3.6823513507843018, 0.5204131007194519, 2.190221071243286]

[0.10882256180047989, -72.07217407226562, 2.724586248397827, 0.697596549987793, 2.5849201679229736]

[0.10589361190795898, -55.392208099365234, 2.624480724334717, 0.7480910420417786, 2.5423572063446045]


PRIOR SAMPLES
=================

[0.583080530166626, -42.332359313964844, 2.5086758136749268, 0.7388206124305725, 1.151695966720581]

[0.5184466242790222, -58.90031051635742, 2.641781806945801, 0.7790483832359314, 3.7640700340270996]

[0.16243276000022888, -59.40049362182617, 1.300654649734497, 0.3720829486846924, 2.0558602809906006]

[0.10688748955726624, -46.042015075683594, 2.4084665775299072, 0.459059476852417, 3.1406424045562744]

[0.0754467248916626, -67.7359848022461, 1.849326252937317, 0.3518361747264862, 1.0554009675979614]

[0.44747117161750793, -44.82470703125, 3.9381775856018066, 0.8645105361938477, 1.1251767873764038]

[0.21424493193626404, -42.54613494873047, 2.836691379547119, 0.6541658639907837, 2.4435977935791016]

[0.14324404299259186, -66.6777114868164, 3.9327125549316406, 0.5599119067192078, 2.1097044944763184]

[0.1305927336215973, -71.18814086914062, 2.1632447242736816, 0.43070000410079956, 1.9767826795578003]

